Time: 2017-09-01 03:15:00 CDT (1504253700)
,-----IO/s------,,,-----KBytes/s-----,,,---Svct ms----,,,-IOSz KBytes--,,,,
PDID,Rd,Wr,Tot,Rd,Wr,Tot,Rd,Wr,Tot,Rd,Wr,Tot,QLen,AvgBusy%
0,2.2,3.2,5.4,30.1,56.5,86.6,0.52,0.25,0.36,13.7,17.4,15.9,0,0.1
1,3.8,4.6,8.4,57.3,66.9,124.3,0.53,0.21,0.36,15.0,14.6,14.8,0,0.1
2,2.9,3.5,6.4,29.4,51.5,80.9,0.53,0.22,0.36,10.2,14.7,12.7,0,0.2
3,3.5,4.1,7.7,56.3,59.5,115.8,0.48,0.19,0.33,15.9,14.5,15.1,0,0.1
4,2.6,3.6,6.3,38.7,57.9,96.6,0.59,0.24,0.39,14.7,15.9,15.4,0,0.1
5,3.3,4.2,7.5,49.5,60.8,110.3,0.49,0.20,0.33,15.0,14.5,14.7,0,0.1
6,2.6,3.6,6.2,36.3,55.0,91.3,0.61,0.21,0.38,14.0,15.4,14.8,0,0.2
7,3.6,4.3,7.9,49.9,60.0,109.9,0.44,0.19,0.30,13.9,13.9,13.9,0,0.1
8,2.8,2.9,5.8,37.3,37.3,74.6,0.60,0.26,0.43,13.1,12.8,13.0,0,0.2
9,3.2,3.1,6.3,57.5,52.4,109.8,0.50,0.20,0.35,18.0,16.8,17.4,0,0.1
10,3.2,3.4,6.7,32.3,37.1,69.4,0.53,0.21,0.36,10.0,10.8,10.4,0,0.1
11,3.2,3.3,6.4,50.6,51.0,101.6,0.49,0.18,0.33,16.0,15.6,15.8,0,0.1
12,3.4,3.2,6.6,32.1,34.6,66.7,0.52,0.24,0.38,9.4,10.9,10.2,0,0.2
13,3.2,3.3,6.4,52.6,50.3,102.9,0.49,0.19,0.34,16.6,15.4,16.0,0,0.1
14,2.8,2.8,5.7,34.8,33.4,68.2,0.59,0.22,0.40,12.3,11.8,12.1,0,0.1
15,3.1,3.1,6.2,55.4,51.5,106.8,0.45,0.19,0.32,17.9,16.6,17.2,0,0.1
-----------------------------------------------------------------------------------
16,49.4,56.2,105.9,700.1,815.7,1515.7,0.52,0.21,0.36,14.2,14.5,14.3,0,0.1
