,,-----IO/s------,,,-----KBytes/s-----,,,---Svct ms----,,,-IOSz KBytes--,,,,
Time,Secs,Rd,Wr,Tot,Rd,Wr,Tot,Rd,Wr,Tot,Rd,Wr,Tot,QLen,AvgBusy%
2017-09-01 02:20:00 CDT,1504250400,43.6,49.6,93.2,549.1,671.5,1220.6,0.52,0.18,0.34,12.6,13.5,13.1,0,0.1
2017-09-01 02:25:00 CDT,1504250700,45.5,56.4,101.9,577.0,763.5,1340.5,0.50,0.23,0.35,12.7,13.5,13.2,0,0.1
2017-09-01 02:30:00 CDT,1504251000,47.9,55.1,102.9,647.1,785.0,1432.1,0.49,0.21,0.34,13.5,14.3,13.9,0,0.1
2017-09-01 02:35:00 CDT,1504251300,44.7,53.4,98.1,570.2,747.1,1317.3,0.50,0.20,0.34,12.7,14.0,13.4,0,0.1
2017-09-01 02:40:00 CDT,1504251600,45.0,51.6,96.6,578.3,714.3,1292.7,0.48,0.20,0.33,12.9,13.9,13.4,0,0.1
2017-09-01 02:45:00 CDT,1504251900,47.1,53.8,100.9,637.8,761.0,1398.8,0.52,0.20,0.35,13.5,14.1,13.9,0,0.1
2017-09-01 02:50:00 CDT,1504252200,44.1,51.1,95.1,552.9,716.9,1269.8,0.51,0.20,0.34,12.6,14.0,13.3,0,0.1
2017-09-01 02:55:00 CDT,1504252500,45.3,52.8,98.1,581.5,727.4,1308.9,0.50,0.21,0.34,12.8,13.8,13.3,0,0.1
2017-09-01 03:00:00 CDT,1504252800,47.1,53.6,100.7,633.5,768.1,1401.7,0.52,0.19,0.35,13.4,14.3,13.9,0,0.1
2017-09-01 03:05:00 CDT,1504253100,54.4,61.6,116.0,677.7,804.6,1482.3,0.49,0.20,0.34,12.5,13.1,12.8,0,0.1
2017-09-01 03:10:00 CDT,1504253400,46.1,52.4,98.5,608.9,711.0,1319.9,0.50,0.20,0.34,13.2,13.6,13.4,0,0.1
2017-09-01 03:15:00 CDT,1504253700,49.5,56.3,105.7,700.0,815.6,1515.6,0.52,0.21,0.36,14.1,14.5,14.3,0,0.1
-----------------------------------------------------------------------------------------------------------------
,12,46.7,54.0,100.6,609.5,748.8,1358.3,0.50,0.20,0.34,13.0,13.9,13.5,0.0,0.1
