Time: 2017-09-01 03:15:00 CDT (1504253700)
,,,,,----IO/s-----,,,----KBytes/s----,,,---Svct ms----,,,-IOSz KBytes--,,,,
VV_NAME,HOST_WWN,PORT_N,PORT_S,PORT_P,Rd,Wr,Tot,Rd,Wr,Tot,Rd,Wr,Tot,Rd,Wr,Tot,QLen,AvgBusy%
CS_InfraLUN31,100000051E585244,0,1,1,0.0,0.0,0.0,0.0,0.0,0.0,0.00,0.00,0.00,0.0,0.0,0.0,0,0.0
CS_InfraLUN31,100000051E585244,0,1,2,0.0,0.0,0.0,0.0,0.0,0.0,0.00,0.00,0.00,0.0,0.0,0.0,0,0.0
CS_InfraLUN31,100000051E585244,1,1,1,0.0,0.0,0.0,0.0,0.0,0.0,0.00,0.00,0.00,0.0,0.0,0.0,0,0.0
CS_InfraLUN31,100000051E585244,1,1,2,0.0,0.0,0.0,0.0,0.0,0.0,0.00,0.00,0.00,0.0,0.0,0.0,0,0.0
CS_InfraLUN31,20000025B5150158,0,1,1,0.0,0.0,0.0,0.0,0.0,0.0,0.00,0.00,0.00,0.0,0.0,0.0,0,0.0
CS_InfraLUN31,20000025B5150158,0,1,2,0.3,0.5,0.8,0.4,0.4,0.9,0.35,0.43,0.40,1.3,0.9,1.1,0,0.0
CS_InfraLUN31,20000025B5150159,1,1,1,0.0,0.0,0.0,0.0,0.0,0.0,0.00,0.00,0.00,0.0,0.0,0.0,0,0.0
CS_InfraLUN31,20000025B5150159,1,1,2,0.0,0.0,0.0,0.0,0.0,0.0,0.00,0.00,0.00,0.0,0.0,0.0,0,0.0
CS_InfraLUN31,20000025B515015A,0,1,1,0.0,0.0,0.0,0.0,0.0,0.0,0.00,0.00,0.00,0.0,0.0,0.0,0,0.0
CS_InfraLUN31,20000025B515015A,0,1,2,0.3,0.4,0.7,0.4,0.4,0.8,0.45,0.43,0.44,1.4,0.9,1.2,0,0.0
CS_InfraLUN31,20000025B515015B,1,1,1,0.0,0.0,0.0,0.0,0.0,0.0,0.00,0.00,0.00,0.0,0.0,0.0,0,0.0
CS_InfraLUN31,20000025B515015B,1,1,2,0.0,0.1,0.1,0.1,0.1,0.1,0.40,0.37,0.38,1.4,0.9,1.1,0,0.0
CS_InfraLUN31,20000025B7021704,0,1,1,0.5,8.8,9.2,4.3,105.8,110.1,0.43,0.21,0.22,9.3,12.1,11.9,0,0.1
CS_InfraLUN31,20000025B7021704,0,1,2,0.0,4.8,4.8,0.0,70.1,70.2,0.34,0.19,0.19,2.0,14.7,14.6,0,0.0
CS_InfraLUN31,20000025B7021705,1,1,1,0.1,5.5,5.6,0.4,69.7,70.1,0.27,0.22,0.22,3.6,12.7,12.5,0,0.0
CS_InfraLUN31,20000025B7021705,1,1,2,0.1,6.2,6.4,5.5,108.6,114.1,0.56,0.24,0.24,36.5,17.5,17.9,0,0.1
Cumulus_TestCapacityClone_Volum,20000025B7021704,0,1,1,0.0,0.0,0.0,0.0,0.0,0.0,0.00,0.00,0.00,0.0,0.0,0.0,0,0.0
Cumulus_TestCapacityClone_Volum,20000025B7021704,0,1,2,0.0,0.0,0.0,0.0,0.0,0.0,0.00,0.00,0.00,0.0,0.0,0.0,0,0.0
Cumulus_TestCapacityClone_Volum,20000025B7021705,1,1,1,0.0,0.0,0.0,0.0,0.0,0.0,0.00,0.00,0.00,0.0,0.0,0.0,0,0.0
Cumulus_TestCapacityClone_Volum,20000025B7021705,1,1,2,0.0,0.0,0.0,0.0,0.0,0.0,0.00,0.00,0.00,0.0,0.0,0.0,0,0.0
cum_qa,20000025B7021704,0,1,1,0.0,0.0,0.0,0.0,0.0,0.0,0.00,0.00,0.00,0.0,0.0,0.0,0,0.0
cum_qa,20000025B7021704,0,1,2,0.0,0.0,0.0,0.0,0.0,0.0,0.00,0.00,0.00,0.0,0.0,0.0,0,0.0
cum_qa,20000025B7021705,1,1,1,0.0,0.0,0.0,0.0,0.0,0.0,0.00,0.00,0.00,0.0,0.0,0.0,0,0.0
cum_qa,20000025B7021705,1,1,2,0.0,0.0,0.0,0.0,0.0,0.0,0.00,0.00,0.00,0.0,0.0,0.0,0,0.0
cumulus_vv1,100000051E585244,0,1,1,0.0,0.0,0.0,0.0,0.0,0.0,0.00,0.00,0.00,0.0,0.0,0.0,0,0.0
cumulus_vv1,100000051E585244,0,1,2,0.0,0.0,0.0,0.0,0.0,0.0,0.00,0.00,0.00,0.0,0.0,0.0,0,0.0
cumulus_vv1,100000051E585244,1,1,1,0.0,0.0,0.0,0.0,0.0,0.0,0.00,0.00,0.00,0.0,0.0,0.0,0,0.0
cumulus_vv1,100000051E585244,1,1,2,0.0,0.0,0.0,0.0,0.0,0.0,0.00,0.00,0.00,0.0,0.0,0.0,0,0.0
------------------------------------------------------------------------------------------------------------------------------------------------
,,,,28,1.3,26.3,27.6,11.1,355.1,366.3,0.41,0.22,0.23,7.3,13.5,13.3,0,0.0
