3Par7450 cli% srpdspace -attime -groupby PDID
Time: 2017-06-22 05:25:00 CDT (1498127100)
     -----------------Normal (Chunklets)----------------- -----------------Spare (Chunklets)------------------
PDID Used_OK Used_Fail Avail_Clean Avail_Dirty Avail_Fail Used_OK Used_Fail Avail_Clean Avail_Dirty Avail_Fail
  -1       0         0           0           0          0       0         0           0           0          0
   0      49         0         352           0          1       0         0          44           0          0
   1      45         0         356           0          1       0         0          44           0          0
   2      49         0         352           0          1       0         0          44           0          0
   3      44         0         357           0          1       0         0          44           0          0
   4      41         0         358           0          3       0         0          44           0          0
   5      50         0         351           0          1       0         0          44           0          0
   6      43         0         358           0          1       0         0          44           0          0
   7      49         0         352           0          1       0         0          44           0          0
   8       8         0         394           0          0       0         0          44           0          0
   9       8         0         394           0          0       0         0          44           0          0
  10       8         0         394           0          0       0         0          44           0          0
  11       8         0         394           0          0       0         0          44           0          0
  12       8         0         394           0          0       0         0          44           0          0
  13       8         0         394           0          0       0         0          44           0          0
  14       8         0         394           0          0       0         0          44           0          0
  15       8         0         394           0          0       0         0          44           0          0