                                   -----------count/sec----------- --hit%--- ------dack/sec-------
                   Time       Secs rhit whit   r    w  r+w lockblk    r    w  NL  FC SSD150 SSD100
2017-08-30 04:55:00 CDT 1504086900  0.7 13.9 1.3 49.9 51.3     0.0 53.7 27.9 0.0 0.0    0.0    0.0
2017-08-30 05:00:00 CDT 1504087200  0.7 17.5 1.4 57.0 58.4     0.0 50.4 30.7 0.0 0.0    0.0    0.0
2017-08-30 05:05:00 CDT 1504087500  1.9 16.3 3.1 58.5 61.7     0.0 59.1 27.8 0.0 0.0    0.0    0.0
2017-08-30 05:10:00 CDT 1504087800  0.7 13.8 1.3 50.1 51.5     0.0 49.1 27.5 0.0 0.0    0.0    0.0
2017-08-30 05:15:00 CDT 1504088100  1.3 14.3 2.0 52.3 54.3     0.0 65.5 27.3 0.0 0.0    0.0    0.0
2017-08-30 05:20:00 CDT 1504088400  0.8 16.0 1.4 54.1 55.5     0.0 57.5 29.5 0.0 0.0    0.0    0.0
2017-08-30 05:25:00 CDT 1504088700  2.3 13.9 3.0 51.0 54.0     0.0 76.7 27.2 0.0 0.0    0.0    0.0
2017-08-30 05:30:00 CDT 1504089000  0.9 14.5 1.6 52.0 53.6     0.0 54.9 27.8 0.0 0.0    0.0    0.0
2017-08-30 05:35:00 CDT 1504089300  1.1 15.5 1.8 53.8 55.6     0.0 59.2 28.8 0.0 0.0    0.0    0.0
2017-08-30 05:40:00 CDT 1504089600  0.7 15.0 1.3 52.3 53.6     0.0 49.1 28.7 0.0 0.0    0.0    0.0
2017-08-30 05:45:00 CDT 1504089900  1.3 14.3 1.9 53.0 55.0     0.0 67.9 26.9 0.0 0.0    0.0    0.0
2017-08-30 05:50:00 CDT 1504090200  0.7 14.9 1.4 52.4 53.8     0.0 52.4 28.5 0.0 0.0    0.0    0.0
