Time: 2017-09-01 03:15:00 CDT (1504253700)
,----IO/s-----,,,---KBytes/s----,,,---Svct ms----,,,-IOSz KBytes-,,,,
LD_NAME,Rd,Wr,Tot,Rd,Wr,Tot,Rd,Wr,Tot,Rd,Wr,Tot,QLen,AvgBusy%
.srdata.usr.0,0.0,1.2,1.2,0.0,25.8,25.8,0.00,1.31,1.31,0.0,21.0,21.0,0,0.0
.srdata.usr.1,0.0,0.1,0.1,0.0,1.1,1.1,0.00,1.63,1.63,0.0,12.9,12.9,0,0.0
admin.usr.0,0.0,1.2,1.2,0.0,6.0,6.0,0.00,0.13,0.13,0.0,5.2,5.2,0,0.0
admin.usr.1,0.0,0.0,0.0,0.0,0.7,0.7,0.00,0.45,0.45,0.0,21.7,21.7,0,0.0
admin.usr.2,0.0,1.8,1.8,0.0,38.6,38.6,0.00,0.19,0.19,0.0,21.2,21.2,0,0.0
admin.usr.3,0.0,0.0,0.0,0.0,0.0,0.0,0.00,0.00,0.00,0.0,0.0,0.0,0,0.0
log0.0,0.0,0.0,0.0,0.0,0.0,0.0,0.00,0.00,0.00,0.0,0.0,0.0,0,0.0
log1.0,0.0,0.0,0.0,0.0,0.0,0.0,0.00,0.00,0.00,0.0,0.0,0.0,0,0.0
pdsld0.0,0.0,0.0,0.0,0.0,0.0,0.0,0.00,0.00,0.00,0.0,0.0,0.0,0,0.0
pdsld0.1,0.0,0.0,0.0,0.0,0.0,0.0,0.00,0.00,0.00,0.0,0.0,0.0,0,0.0
pdsld0.2,0.0,0.0,0.0,0.0,0.0,0.0,0.00,0.00,0.00,0.0,0.0,0.0,0,0.0
tp-0-sa-0.0,0.0,0.0,0.0,0.0,0.1,0.1,0.00,0.10,0.10,0.0,4.7,4.7,0,0.0
tp-0-sa-0.1,0.0,0.1,0.1,0.0,1.4,1.4,0.00,0.15,0.15,0.0,11.4,11.4,0,0.0
tp-0-sd-0.0,0.1,11.7,11.8,0.3,202.9,203.2,0.18,1.06,1.05,3.2,17.3,17.2,0,0.4
tp-0-sd-0.1,1.1,10.4,11.5,8.1,149.1,157.2,0.63,1.24,1.18,7.6,14.3,13.7,0,0.5
tp-2-sa-0.0,0.0,0.0,0.0,0.0,0.0,0.0,0.00,0.00,0.00,0.0,0.0,0.0,0,0.0
tp-2-sa-0.1,0.0,0.0,0.0,0.0,0.0,0.0,0.00,0.00,0.00,0.0,0.0,0.0,0,0.0
tp-2-sd-0.0,0.0,0.0,0.0,0.0,0.0,0.0,0.00,0.00,0.00,0.0,0.0,0.0,0,0.0
tp-2-sd-0.1,0.0,0.0,0.0,0.0,0.0,0.0,0.00,0.00,0.00,0.0,0.0,0.0,0,0.0
--------------------------------------------------------------------------------------
19,1.2,26.5,27.7,8.4,425.7,434.1,0.59,1.04,1.02,7.2,16.0,15.6,0,0.0
