,,-----------count/sec-----------,,,,,,--hit%---,,------dack/sec-------,,,
Time,Secs,rhit,whit,r,w,r+w,lockblk,r,w,NL,FC,SSD150,SSD100
2017-09-01 06:35:00 CDT,1504265700,0.7,14.5,1.4,52.1,53.5,0.0,53.9,27.7,0.0,0.0,0.0,0.0
2017-09-01 06:40:00 CDT,1504266000,0.8,13.5,1.4,51.9,53.3,0.0,53.0,26.0,0.0,0.0,0.0,0.0
2017-09-01 06:45:00 CDT,1504266300,1.1,19.2,1.8,60.7,62.5,0.0,63.1,31.7,0.0,0.0,0.0,0.0
2017-09-01 06:50:00 CDT,1504266600,1.3,13.4,2.0,50.1,52.1,0.0,65.0,26.7,0.0,0.0,0.0,0.0
2017-09-01 06:55:00 CDT,1504266900,0.9,16.8,1.6,56.8,58.4,0.0,53.3,29.6,0.0,0.0,0.0,0.0
2017-09-01 07:00:00 CDT,1504267200,0.7,15.8,1.4,56.6,58.0,0.0,52.9,27.9,0.0,0.0,0.0,0.0
2017-09-01 07:05:00 CDT,1504267500,0.8,14.9,1.5,58.0,59.5,0.0,54.9,25.7,0.0,0.0,0.0,0.0
2017-09-01 07:10:00 CDT,1504267800,0.8,13.3,1.5,50.6,52.1,0.0,54.1,26.3,0.0,0.0,0.0,0.0
2017-09-01 07:15:00 CDT,1504268100,1.1,15.3,1.8,72.3,74.0,0.0,63.6,21.1,0.0,0.0,0.0,0.0
2017-09-01 07:20:00 CDT,1504268400,0.8,12.6,1.4,49.8,51.2,0.0,53.8,25.2,0.0,0.0,0.0,0.0
2017-09-01 07:25:00 CDT,1504268700,0.7,14.0,1.4,53.0,54.4,0.0,51.8,26.5,0.0,0.0,0.0,0.0
2017-09-01 07:30:00 CDT,1504269000,0.8,14.8,1.4,55.1,56.6,0.0,55.8,26.8,0.0,0.0,0.0,0.0
