,,-----------count/sec-----------,,,,,,--hit%---,,------dack/sec-------,,,
Time,Secs,rhit,whit,r,w,r+w,lockblk,r,w,NL,FC,SSD150,SSD100
2017-09-01 02:20:00 CDT,1504250400,0.9,13.2,1.6,49.9,51.5,0.0,56.4,26.4,0.0,0.0,0.0,0.0
2017-09-01 02:25:00 CDT,1504250700,0.7,16.0,1.4,55.5,56.9,0.0,51.1,28.9,0.0,0.0,0.0,0.0
2017-09-01 02:30:00 CDT,1504251000,0.7,16.3,1.4,56.5,57.8,0.0,50.7,28.9,0.0,0.0,0.0,0.0
2017-09-01 02:35:00 CDT,1504251300,0.7,15.8,1.4,54.3,55.7,0.0,50.6,29.1,0.0,0.0,0.0,0.0
2017-09-01 02:40:00 CDT,1504251600,0.7,13.4,1.3,51.2,52.5,0.0,52.6,26.1,0.0,0.0,0.0,0.0
2017-09-01 02:45:00 CDT,1504251900,1.1,16.5,1.8,56.4,58.2,0.0,62.8,29.2,0.0,0.0,0.0,0.0
2017-09-01 02:50:00 CDT,1504252200,0.8,13.2,1.5,50.3,51.8,0.0,53.3,26.3,0.0,0.0,0.0,0.0
2017-09-01 02:55:00 CDT,1504252500,0.8,14.9,1.4,53.2,54.6,0.0,54.2,28.0,0.0,0.0,0.0,0.0
2017-09-01 03:00:00 CDT,1504252800,0.7,15.3,1.4,55.1,56.5,0.0,51.8,27.7,0.0,0.0,0.0,0.0
2017-09-01 03:05:00 CDT,1504253100,0.9,15.0,1.6,57.3,59.0,0.0,56.6,26.1,0.0,0.0,0.0,0.0
2017-09-01 03:10:00 CDT,1504253400,0.7,13.6,1.4,51.7,53.1,0.0,51.5,26.3,0.0,0.0,0.0,0.0
2017-09-01 03:15:00 CDT,1504253700,1.4,16.0,2.0,57.1,59.1,0.0,67.3,28.1,0.0,0.0,0.0,0.0
