Time: 2017-09-01 03:15:00 CDT (1504253700)
,,,-----IO/s------,,,-----KBytes/s------,,,---Svct ms----,,,-IOSz KBytes--,,,,
PORT_N,PORT_S,PORT_P,Rd,Wr,Tot,Rd,Wr,Tot,Rd,Wr,Tot,Rd,Wr,Tot,QLen,AvgBusy%
0,0,1,27.2,30.5,57.6,430.6,467.7,898.3,0.48,0.20,0.33,15.8,15.4,15.6,0,0.4
0,0,2,0.0,0.0,0.0,0.0,0.0,0.0,0.00,0.00,0.00,0.0,0.0,0.0,0,0.0
0,1,1,0.5,8.8,9.2,4.3,105.8,110.1,0.43,0.21,0.22,9.3,12.1,11.9,0,0.2
0,1,2,0.7,5.6,6.3,0.9,70.9,71.9,0.40,0.23,0.24,1.4,12.6,11.4,0,0.2
0,3,1,0.0,0.0,0.0,0.0,0.0,0.0,0.00,0.00,0.00,0.0,0.0,0.0,0,0.0
1,0,1,22.6,26.3,48.9,270.9,363.4,634.3,0.56,0.23,0.38,12.0,13.8,13.0,0,0.5
1,0,2,0.0,0.0,0.0,0.0,0.0,0.0,0.00,0.00,0.00,0.0,0.0,0.0,0,0.0
1,1,1,0.1,5.5,5.6,0.4,69.7,70.1,0.27,0.22,0.22,3.6,12.7,12.5,0,0.1
1,1,2,0.2,6.3,6.5,5.5,108.6,114.1,0.52,0.24,0.25,28.2,17.3,17.6,0,0.1
1,3,1,0.0,0.0,0.0,0.0,0.0,0.0,0.00,0.00,0.00,0.0,0.0,0.0,0,0.0
----------------------------------------------------------------------------------------------------
,,10,51.3,83.0,134.1,712.6,1186.1,1898.8,0.51,0.22,0.33,13.9,14.3,14.2,0,0.2
