3Par7450 cli% srstatport -attime -groupby PORT_N,PORT_S,PORT_P
Time: 2017-06-28 00:25:00 CDT (1498627500)
                     -----IO/s----- ----KBytes/s----- ---Svct ms---- -IOSz KBytes-
PORT_N PORT_S PORT_P   Rd   Wr  Tot    Rd    Wr   Tot   Rd   Wr  Tot  Rd   Wr  Tot QLen AvgBusy%
     0      0      1  7.1  9.1 16.2  68.8  91.2 160.0 0.38 0.16 0.26 9.7 10.0  9.9    4      0.1
     0      0      2  0.0  0.0  0.0   0.0   0.0   0.0 0.00 0.00 0.00 0.0  0.0  0.0    0      0.0
     0      1      1  0.3  3.6  3.9   0.6  30.7  31.3 0.91 0.24 0.30 2.0  8.6  8.1    0      0.1
     0      1      2  0.1  1.2  1.3   0.2  10.3  10.5 0.44 0.24 0.26 1.2  8.9  8.1    0      0.0
     0      3      1  0.0  0.0  0.0   0.0   0.0   0.0 0.00 0.00 0.00 0.0  0.0  0.0    0      0.0
     1      0      1  9.3 11.3 20.7  80.3 133.7 214.0 0.57 0.16 0.35 8.6 11.8 10.4    0      0.4
     1      0      2  0.0  0.0  0.0   0.0   0.0   0.0 0.00 0.00 0.00 0.0  0.0  0.0    0      0.0
     1      1      1  0.1  1.7  1.8   0.2  16.0  16.2 0.61 0.22 0.25 1.3  9.4  8.8    0      0.0
     1      1      2  0.4  1.1  1.4   0.5   3.9   4.4 0.61 0.24 0.34 1.3  3.7  3.1    0      0.0
     1      3      1  0.0  0.0  0.0   0.0   0.0   0.0 0.00 0.00 0.00 0.0  0.0  0.0    0      0.0
------------------------------------------------------------------------------------------------
                  10 17.3 28.0 45.3 150.6 285.8 436.4 0.50 0.18 0.31 8.7 10.2  9.7    4      0.1
