                              ------- Normal Chunklets -------- ---- Spare Chunklets ----
                              - Used - -------- Unused -------- - Used - ---- Unused ----
 Id CagePos Type State  Total  OK Fail Free Uninit Unavail Fail OK  Fail Free Uninit Fail
--- 0:16:0  SSD  new      446   0    0    0      0       0    0  0     0    0      0    0
--- 0:17:0  SSD  new      446   0    0    0      0       0    0  0     0    0      0    0
--- 0:18:0  SSD  new      446   0    0    0      0       0    0  0     0    0      0    0
--- 0:19:0  SSD  new      446   0    0    0      0       0    0  0     0    0      0    0
--- 0:20:0  SSD  new      446   0    0    0      0       0    0  0     0    0      0    0
--- 0:21:0  SSD  new      446   0    0    0      0       0    0  0     0    0      0    0
--- 0:22:0  SSD  new      446   0    0    0      0       0    0  0     0    0      0    0
--- 0:23:0  SSD  new      446   0    0    0      0       0    0  0     0    0      0    0
  0 0:0:0   SSD  normal   446  49    0  352      0       0    1  0     0   44      0    0
  1 0:1:0   SSD  normal   446  45    0  356      0       0    1  0     0   44      0    0
  2 0:2:0   SSD  normal   446  49    0  352      0       0    1  0     0   44      0    0
  3 0:3:0   SSD  normal   446  44    0  357      0       0    1  0     0   44      0    0
  4 0:4:0   SSD  normal   446  41    0  358      0       0    3  0     0   44      0    0
  5 0:5:0   SSD  normal   446  50    0  351      0       0    1  0     0   44      0    0
  6 0:6:0   SSD  normal   446  43    0  358      0       0    1  0     0   44      0    0
  7 0:7:0   SSD  normal   446  49    0  352      0       0    1  0     0   44      0    0
  8 0:8:0   SSD  normal   446   8    0  394      0       0    0  0     0   44      0    0
  9 0:9:0   SSD  normal   446   8    0  394      0       0    0  0     0   44      0    0
 10 0:10:0  SSD  normal   446   8    0  394      0       0    0  0     0   44      0    0
 11 0:11:0  SSD  normal   446   8    0  394      0       0    0  0     0   44      0    0
 12 0:12:0  SSD  normal   446   8    0  394      0       0    0  0     0   44      0    0
 13 0:13:0  SSD  normal   446   8    0  394      0       0    0  0     0   44      0    0
 14 0:14:0  SSD  normal   446   8    0  394      0       0    0  0     0   44      0    0
 15 0:15:0  SSD  normal   446   8    0  394      0       0    0  0     0   44      0    0
-----------------------------------------------------------------------------------------
 24 total               10704 434    0 5988      0       0   10  0     0  704      0    0
